1352659423 33222534
1352659724 33222718
1352660024 33222945
1352660325 33223146
1352660625 33223360
1352660771 33223466
1352660831 33223514
1352660892 33223561
1352660952 33223600
1352661013 33223645
1352661073 33223686
1352661133 33223740
1352661194 33223789
1352661254 33223836
1352661315 33223891
1352661375 33223924
1352661436 33223966
1352661496 33224016
1352661557 33224051
1352661617 33224102
1352661678 33224137
1352661738 33224174
1352661799 33224212
1352661859 33224260
1352661920 33224308
1352661980 33224341
1352662041 33224385
1352662101 33224436
1352662162 33224476
1352662222 33224510
1352662283 33224542
1352662343 33224578
1352662404 33224617
1352662464 33224664
1352662525 33224704
1352662585 33224729
1352662646 33224756
1352662706 33224797
1352662767 33224832
1352662827 33224872
1352662888 33224913
1352662948 33224952
1352663009 33224986
1352663069 33225034
1352663130 33225079
1352663191 33225117
1352663251 33225153
1352663312 33225196
1352663372 33225245
1352663433 33225286
1352663494 33225329
1352663555 33225366
1352663616 33225415
1352663676 33225449
1352663737 33225497
1352663798 33225550
1352663858 33225594
1352663919 33225637
1352663979 33225650
1352664040 33225657
1352664101 33225666
1352664162 33225671
1352664222 33225694
1352664283 33225738
1352664343 33225778
1352664404 33225818
1352664464 33225858
1352664525 33225910
1352664585 33225947
1352664647 33225989
1352664707 33226039
1352664768 33226096
1352664829 33226146
1352664890 33226193
1352664951 33226240
1352665012 33226275
1352665073 33226319
1352665134 33226377
1352665194 33226418
1352665255 33226456
1352665315 33226510
1352665376 33226566
1352665436 33226617
1352665497 33226671
1352665557 33226708
1352665618 33226757
1352665678 33226810
1352665739 33226847
1352665799 33226910
1352665860 33226951
1352665920 33227003
1352665981 33227044
1352666041 33227091
1352666102 33227150
1352666162 33227199
1352666223 33227262
1352666283 33227307
1352666344 33227350
1352666404 33227399
1352666465 33227441
1352666525 33227492
1352666586 33227546
1352666646 33227604
1352666707 33227643
1352666767 33227683
1352666828 33227724
1352666888 33227777
1352666949 33227812
1352667009 33227845
1352667070 33227896
1352667131 33227959
1352667191 33228005
1352667252 33228052
1352667313 33228079
1352667373 33228115
1352667434 33228165
1352667494 33228209
1352667555 33228261
1352667616 33228308
1352667677 33228355
1352667738 33228383
1352667798 33228427
1352667860 33228472
1352667921 33228505
1352667982 33228549
1352668042 33228594
1352668103 33228650
1352668163 33228700
1352668224 33228738
1352668284 33228776
1352668345 33228812
1352668405 33228835
1352668466 33228861
1352668526 33228894
1352668587 33228926
1352668647 33228948
1352668708 33228978
1352668768 33229009
1352668828 33229044
1352668889 33229087
1352668949 33229126
1352669010 33229170
1352669070 33229205
1352669131 33229233
1352669191 33229277
1352669252 33229321
1352669312 33229353
1352669373 33229394
1352669433 33229436
1352669494 33229478
1352669554 33229521
1352669615 33229554
1352669659 33229580
1352669959 33229773
1352670260 33229952
1352670560 33230104
1352670861 33230270
1352671161 33230427
1352671462 33230597
1352671762 33230763
1352672063 33230927
1352672363 33231087
1352672663 33231236
1352672964 33231384
1352673264 33231513
1352673565 33231646
1352673865 33231798
1352674166 33231935
1352674466 33232086
1352674767 33232238
1352675067 33232373
1352675368 33232517
1352675668 33232654
1352675969 33232799
1352676269 33232944
1352676600 33233071
1352676900 33233190
1352677201 33233301
1352677501 33233433
1352677802 33233553
1352678102 33233656
1352678403 33233790
1352678703 33233936
1352679003 33234042
1352679304 33234169
1352679604 33234284
1352679905 33234416
1352680205 33234544
1352680506 33234655
1352680806 33234771
1352681107 33234883
1352681407 33234985
1352681708 33235109
1352682008 33235234
1352682308 33235362
1352682609 33235469
1352682909 33235615
1352683210 33235740
1352683510 33235871
1352683811 33235986
1352684111 33236099
1352684412 33236225
1352684712 33236358
1352685012 33236477
1352685313 33236623
1352685613 33236751
1352685914 33236908
1352686214 33237036
1352686515 33237178
1352686815 33237317
1352687116 33237455
1352687416 33237605
1352687717 33237756
1352688017 33237909
1352688317 33238031
1352688618 33238173
1352688918 33238304
1352689219 33238429
1352689519 33238558
1352689820 33238682
1352690120 33238812
1352690421 33238969
1352690721 33239125
1352691022 33239256
1352691322 33239410
1352691622 33239573
1352691923 33239704
1352692223 33239841
1352692524 33239990
1352692824 33240124
1352693125 33240256
1352693425 33240406
1352693726 33240547
1352694326 33240802
1352694627 33240919
1352694927 33241045
1352695228 33241170
1352695528 33241279
1352695829 33241415
1352696429 33241674
1352696730 33241807
1352697031 33241929
1352697331 33242030
1352697632 33242139
1352697932 33242264
1352698233 33242389
1352698533 33242516
1352698834 33242634
1352699134 33242738
1352699435 33242841
1352699735 33242959
1352700036 33243082
1352700336 33243213
1352700637 33243343
1352700937 33243457
1352701237 33243560
1352701538 33243652
1352701838 33243784
1352702139 33243898
1352702439 33244014
1352702740 33244127
1352703040 33244235
1352703341 33244354
1352703641 33244470
1352703942 33244592
1352704242 33244726
1352704542 33244843
1352704843 33244991
1352705143 33245110
1352705444 33245216
1352705744 33245331
1352706045 33245452
1352706345 33245582
1352706646 33245706
1352706946 33245826
1352707246 33245948
1352707547 33246070
1352707847 33246186
1352708148 33246311
1352708448 33246433
1352708749 33246547
1352709000 33246644
1352709301 33246779
1352709601 33246918
1352709902 33247014
1352710202 33247141
1352710503 33247252
1352710803 33247364
1352711104 33247482
1352711404 33247615
1352711705 33247731
1352712005 33247854
1352712305 33247986
1352712606 33248118
