1352658547 12049411
1352658552 12049409
1352658558 12049409
1352658563 12049409
1352658582 12049408
1352658883 12049355
1352659183 12049315
1352659484 12049271
1352659784 12049234
1352660085 12049194
1352660385 12049152
1352660686 12049101
1352660752 12049089
1352660812 12049085
1352660873 12049076
1352660933 12049068
1352660994 12049054
1352661054 12049049
1352661115 12049043
1352661175 12049042
1352661236 12049036
1352661297 12049029
1352661357 12049026
1352661418 12049005
1352661478 12049002
1352661539 12048996
1352661599 12048983
1352661660 12048971
1352661720 12048965
1352661781 12048958
1352661841 12048952
1352661902 12048945
1352661962 12048934
1352662023 12048928
1352662083 12048919
1352662144 12048907
1352662204 12048892
1352662265 12048886
1352662325 12048875
1352662386 12048872
1352662446 12048861
1352662507 12048859
1352662568 12048847
1352662628 12048831
1352662689 12048826
1352662749 12048814
1352662810 12048805
1352662871 12048800
1352662931 12048787
1352662992 12048779
1352663052 12048772
1352663113 12048768
1352663173 12048764
1352663234 12048755
1352663294 12048746
1352663355 12048739
1352663415 12048722
1352663476 12048711
1352663536 12048691
1352663597 12048685
1352663657 12048676
1352663718 12048668
1352663778 12048662
1352663839 12048658
1352663899 12048652
1352663960 12048641
1352664020 12048625
1352664081 12048616
1352664141 12048605
1352664202 12048595
1352664262 12048591
1352664323 12048578
1352664383 12048573
1352664444 12048569
1352664504 12048565
1352664565 12048556
1352664626 12048549
1352664686 12048546
1352664747 12048531
1352664807 12048518
1352664868 12048509
1352664928 12048496
1352664989 12048491
1352665049 12048482
1352665110 12048475
1352665170 12048464
1352665231 12048444
1352665291 12048433
1352665352 12048428
1352665412 12048421
1352665473 12048408
1352665533 12048402
1352665594 12048391
1352665654 12048383
1352665715 12048374
1352665775 12048367
1352665836 12048359
1352665896 12048345
1352665957 12048336
1352666017 12048330
1352666078 12048321
1352666139 12048316
1352666199 12048309
1352666259 12048303
1352666320 12048297
1352666381 12048287
1352666441 12048282
1352666502 12048278
1352666562 12048276
1352666623 12048265
1352666683 12048250
1352666744 12048246
1352666804 12048239
1352666865 12048235
1352666925 12048232
1352666986 12048225
1352667046 12048212
1352667107 12048210
1352667167 12048193
1352667228 12048182
1352667288 12048179
1352667349 12048173
1352667410 12048163
1352667471 12048160
1352667531 12048152
1352667592 12048139
1352667653 12048130
1352667713 12048122
1352667774 12048114
1352667835 12048104
1352667896 12048103
1352667956 12048095
1352668017 12048086
1352668077 12048079
1352668137 12048077
1352668198 12048071
1352668258 12048063
1352668319 12048054
1352668379 12048043
1352668440 12048041
1352668500 12048029
1352668561 12048018
1352668621 12048013
1352668682 12048005
1352668742 12047999
1352668803 12047994
1352668863 12047980
1352668924 12047961
1352668984 12047958
1352669045 12047943
1352669105 12047937
1352669166 12047928
1352669226 12047921
1352669286 12047913
1352669347 12047901
1352669408 12047888
1352669468 12047879
1352669529 12047865
1352669589 12047856
1352669650 12047847
1352669680 12047846
1352669980 12047805
1352670281 12047751
1352670581 12047700
1352670882 12047654
1352671182 12047598
1352671483 12047541
1352671783 12047499
1352672084 12047454
1352672384 12047409
1352672685 12047372
1352672985 12047328
1352673286 12047278
1352673586 12047237
1352673887 12047192
1352674187 12047132
1352674488 12047095
1352674788 12047031
1352675089 12046990
1352675389 12046934
1352675689 12046893
1352675990 12046841
1352676290 12046792
1352676591 12046735
1352676891 12046680
1352677192 12046626
1352677492 12046564
1352677793 12046515
1352678093 12046465
1352678394 12046404
1352678694 12046363
1352678995 12046318
1352679295 12046273
1352679595 12046195
1352679896 12046133
1352680196 12046080
1352680497 12046009
1352680797 12045959
1352681098 12045905
1352681398 12045849
1352681699 12045788
1352681999 12045722
1352682300 12045670
1352682600 12045627
1352682901 12045574
1352683201 12045498
1352683502 12045462
1352683802 12045403
1352684103 12045353
1352684403 12045285
1352684703 12045230
1352685004 12045164
1352685304 12045100
1352685605 12045054
1352685905 12044997
1352686206 12044933
1352686507 12044879
1352686807 12044837
1352687108 12044799
1352687408 12044735
1352687709 12044698
1352688009 12044653
1352688310 12044594
1352688610 12044532
1352688910 12044478
1352689211 12044419
1352689511 12044357
1352689812 12044311
1352690112 12044258
1352690413 12044200
1352690713 12044127
1352691014 12044057
1352691315 12043981
1352691615 12043923
1352691916 12043856
1352692216 12043809
1352692516 12043775
1352692817 12043727
1352693117 12043677
1352693418 12043626
1352693718 12043599
1352694319 12043503
1352694919 12043416
1352695220 12043372
1352695520 12043347
1352695821 12043309
1352696421 12043213
1352696722 12043168
1352697022 12043129
1352697323 12043088
1352697623 12043061
1352697924 12043013
1352698224 12042982
1352698525 12042949
1352698825 12042913
1352699126 12042883
1352699426 12042850
1352699727 12042826
1352700027 12042800
1352700628 12042754
1352700928 12042730
1352701228 12042706
1352701529 12042688
1352701829 12042663
1352702130 12042647
1352702430 12042635
1352703032 12042603
1352703333 12042587
1352703633 12042572
1352703934 12042563
1352704234 12042554
1352704535 12042554
1352704835 12042542
1352705138 12042539
1352705438 12042534
1352705739 12042521
1352706039 12042502
1352706340 12042501
1352706640 12042490
1352706941 12042483
1352707241 12042469
1352707542 12042459
1352707842 12042458
1352708143 12042459
1352708443 12042471
1352708744 12042454
1352709051 12042438
1352709352 12042431
1352709652 12042427
1352709953 12042421
1352710253 12042419
1352710554 12042411
1352710854 12042409
1352711155 12042405
1352711455 12042400
1352711755 12042392
1352712056 12042392
1352712356 12042389
1352712657 12042378
1352713150 12042374
1352713450 12042367
1352713751 12042366
1352714051 12042362
1352714352 12042357
1352714652 12042351
1352714953 12042344
1352715253 12042336
1352715553 12042335
1352715854 12042332
1352716154 12042328
1352716455 12042327
1352716755 12042322
1352717056 12042313
1352717356 12042300
1352717657 12042299
1352717957 12042288
1352718258 12042278
1352718558 12042267
1352718859 12042258
1352719159 12042251
1352719460 12042240
1352719760 12042235
1352720061 12042224
1352720361 12042216
1352720662 12042214
1352720962 12042201
1352721263 12042187
1352721563 12042173
1352721864 12042155
1352722164 12042133
1352722465 12042119
1352722766 12042099
1352723066 12042086
1352723366 12042067
1352723667 12042056
1352723967 12042027
1352724268 12042002
1352724569 12041983
1352724869 12041961
1352725170 12041943
1352725470 12041912
1352725771 12041899
1352726071 12041879
1352726372 12041847
1352726672 12041815
1352726973 12041789
1352727273 12041750
1352727574 12041709
1352727874 12041682
1352728175 12041645
1352728475 12041608
1352728776 12041581
1352729076 12041547
1352729377 12041515
1352729677 12041486
1352729977 12041446
1352730278 12041408
1352730578 12041353
1352730879 12041317
1352731179 12041270
1352731480 12041227
1352731781 12041183
1352732081 12041136
1352732381 12041094
1352732682 12041045
1352732982 12041008
1352733283 12040985
1352733583 12040950
1352733884 12040913
1352734184 12040861
1352734485 12040806
1352734785 12040768
1352735086 12040722
1352735387 12040684
1352735687 12040651
1352735988 12040604
1352736288 12040554
1352736589 12040505
1352736889 12040472
1352737190 12040423
1352737490 12040367
1352737791 12040307
1352738091 12040259
1352738392 12040211
1352738692 12040156
1352738993 12040102
1352739293 12040059
1352739594 12040001
1352739895 12039950
1352740196 12039902
1352740496 12039862
1352740797 12039813
1352741097 12039746
1352741398 12039698
1352741699 12039638
1352747557 12038650
1352747857 12038610
1352748158 12038549
1352748459 12038504
1352748759 12038449
1352749060 12038405
1352749361 12038365
1352749661 12038308
1352749962 12038262
1352750263 12038201
1352750564 12038153
1352750864 12038117
1352751165 12038070
1352751465 12038032
1352751766 12037982
1352752067 12037942
1352752367 12037881
1352752663 12037835
1352753264 12037759
1352753864 12037680
1352754465 12037580
1352755065 12037486
1352755666 12037410
1352756266 12037310
1352756867 12037227
1352757467 12037114
1352758068 12037030
1352758668 12036978
1352759269 12036904
1352759869 12036823
1352760470 12036741
1352761070 12036649
1352761671 12036521
1352762271 12036440
1352762872 12036338
1352763472 12036243
1352764073 12036134
1352764673 12036038
1352765274 12035952
1352765874 12035846
1352766479 12035740
1352767079 12035646
1352767680 12035551
1352768280 12035401
1352794423 12032083
1352795023 12032062
1352795624 12032047
1352796224 12032035
1352796825 12032024
1352797425 12032017
1352798026 12032007
1352798626 12031997
1352799226 12031989
1352799827 12031975
1352800427 12031974
1352801028 12031964
1352801628 12031955
1352806184 12031809
1352806787 12031776
1352807387 12031743
1352807987 12031716
1352808588 12031679
1352809188 12031648
1352809788 12031603
1352810389 12031572
1352810989 12031534
1352811591 12031477
1352812192 12031426
1352812791 12031365
1352813391 12031310
1352813992 12031251
1352814592 12031191
1352815192 12031132
1352815793 12031071
1352816393 12030994
1352816993 12030919
1352817594 12030863
1352818194 12030770
1352818794 12030690
1352819395 12030597
1352819995 12030506
1352820595 12030417
1352821196 12030322
1352821796 12030217
1352822396 12030119
1352822996 12030053
1352823597 12029975
1352824197 12029894
1352824797 12029788
1352825398 12029677
1352825998 12029578
1352826598 12029502
1352827199 12029398
1352827799 12029294
1352828400 12029183
1352829000 12029098
1352829601 12028988
1352830201 12028912
1352830801 12028815
1352831402 12028731
1352832002 12028651
1352832602 12028552
1352833202 12028464
1352833803 12028377
1352834403 12028292
1352835003 12028189
1352835604 12028100
1352836204 12028021
1352836804 12027952
1352837405 12027879
1352838005 12027801
1352838605 12027724
1352839205 12027651
1352839806 12027573
1352840406 12027501
1352841006 12027400
1352841607 12027291
1352842207 12027200
1352842807 12027119
1352843408 12027057
1352844008 12026976
1352844608 12026893
1352845208 12026808
1352845809 12026713
1352846409 12026621
1352847009 12026536
1352847610 12026445
1352848210 12026361
1352848810 12026264
1352849410 12026185
1352850011 12026106
1352850611 12026019
1352851211 12025920
1352851812 12025806
1352852412 12025695
1352853012 12025592
1352853612 12025496
1352854213 12025426
1352854813 12025330
1352855413 12025232
1352856014 12025143
1352856614 12025039
1352857214 12024910
1352857815 12024797
1352858415 12024692
1352859015 12024580
1352859615 12024448
1352860216 12024321
1352860816 12024225
1352861416 12024105
1352862017 12023993
1352862617 12023868
1352863217 12023753
1352863817 12023655
1352864418 12023552
1352865018 12023440
1352865618 12023354
1352866219 12023274
1352866819 12023214
1352867419 12023130
1352868020 12023057
1352868620 12022991
1352869220 12022916
1352869821 12022848
1352870421 12022777
1352871021 12022707
1352871621 12022648
1352872222 12022594
1352872822 12022548
1352873422 12022498
1352874023 12022449
1352874623 12022405
1352875223 12022378
1352875823 12022344
1352876424 12022310
1352877024 12022292
1352877624 12022272
1352878225 12022251
1352878825 12022220
1352879425 12022205
1352880026 12022186
1352880627 12022171
1352881227 12022160
1352881827 12022148
1352882428 12022142
1352883030 12022131
1352883630 12022120
1352884231 12022109
1352884832 12022102
1352885434 12022094
1352886034 12022082
1352886635 12022070
1352887237 12022070
1352887837 12022059
1352888438 12022047
1352889038 12022037
1352889639 12022020
1352890239 12022013
1352890839 12021991
1352891440 12021968
1352892040 12021944
1352892647 12021916
1352893253 12021898
1352893856 12021856
1352894456 12021824
1352895056 12021790
1352895657 12021747
1352896261 12021715
1352896862 12021669
1352897462 12021637
1352898063 12021586
1352898666 12021544
1352899267 12021493
1352899870 12021435
1352900470 12021383
1352901070 12021324
1352901671 12021252
1352902271 12021202
1352902871 12021153
1352903474 12021092
1352904074 12021032
1352904674 12020974
1352905275 12020940
1352905875 12020883
1352906475 12020809
1352907076 12020747
1352907676 12020677
1352908276 12020607
1352908877 12020539
1352909477 12020461
1352910077 12020388
1352910678 12020303
1352911278 12020245
1352911878 12020181
1352912478 12020127
1352913079 12020060
1352913679 12019988
1352914279 12019890
1352914880 12019797
1352915480 12019717
1352916080 12019649
1352916938 12019539
1352917538 12019448
1352918138 12019376
1352918739 12019298
1352919339 12019219
1352919939 12019144
1352920540 12019076
1352921140 12019018
1352921740 12018954
1352922341 12018888
1352922941 12018826
1352923541 12018763
1352924141 12018689
1352924742 12018622
1352925342 12018554
1352925942 12018466
1352926543 12018385
1352927143 12018318
1352927743 12018246
1352928344 12018166
1352928944 12018094
1352929544 12018025
1352930145 12017949
1352930745 12017870
1352931345 12017785
1352931945 12017709
1352932546 12017643
1352933146 12017565
1352933746 12017508
1352934347 12017426
1352934947 12017339
1352935547 12017241
1352936147 12017147
1352936748 12017073
1352937348 12016984
1352937948 12016892
1352938549 12016821
1352939149 12016719
1352939749 12016630
1352940350 12016530
1352940950 12016432
1352941550 12016313
1352942150 12016212
1352942751 12016138
1352943351 12016056
1352943951 12015958
1352944552 12015874
1352945152 12015789
1352945752 12015699
1352946353 12015591
1352946953 12015513
1352947553 12015415
1352948153 12015303
1352948754 12015208
1352949354 12015108
1352949954 12015004
1352950555 12014919
1352951155 12014827
1352951755 12014748
1352952355 12014685
1352952956 12014612
1352953556 12014528
1352954156 12014447
1352954756 12014377
1352955357 12014307
1352955957 12014246
1352956557 12014184
1352957158 12014131
1352957758 12014071
1352958358 12013998
1352958959 12013949
1352959559 12013898
1352960159 12013864
1352960759 12013840
1352961360 12013814
1352961960 12013786
1352962560 12013760
1352963161 12013733
1352963761 12013712
1352964361 12013686
1352964962 12013666
1352965562 12013648
1352966162 12013641
1352966762 12013632
1352967363 12013610
1352967963 12013597
1352968563 12013577
1352969164 12013554
1352969764 12013538
1352970364 12013518
1352970965 12013506
1352971565 12013503
1352972165 12013499
1352972766 12013493
1352973366 12013487
1352973966 12013481
1352974567 12013476
1352975167 12013462
1352975770 12013439
1352976361 12013418
1352976963 12013400
1352977563 12013377
1352978164 12013350
1352978764 12013334
1352979365 12013295
1352979967 12013269
1352980568 12013235
1352981168 12013199
1352981768 12013183
1352982369 12013157
1352982969 12013124
1352983569 12013080
1352984170 12013035
1352984770 12012980
1352985370 12012935
1352985971 12012885
1352986571 12012848
1352987171 12012805
1352987772 12012748
1352988372 12012692
1352988972 12012630
1352989573 12012580
1352990176 12012503
1352990776 12012440
1352991376 12012381
1352991977 12012306
1352992577 12012233
1352993177 12012157
1352993778 12012086
1352994378 12012024
1352994978 12011976
1352995579 12011917
1352996179 12011840
1352996779 12011777
1352997380 12011704
1352997980 12011649
1352998580 12011598
1352999181 12011516
1352999781 12011449
1353000381 12011375
1353000981 12011310
1353001582 12011234
1353002182 12011182
1353002782 12011102
1353003383 12011015
1353003983 12010948
1353004583 12010878
1353005184 12010832
1353005784 12010776
1353006384 12010713
1353006984 12010648
1353007585 12010587
1353008185 12010521
1353008785 12010448
1353009386 12010385
1353009986 12010309
1353010586 12010222
1353011187 12010151
1353011787 12010081
1353012387 12010010
1353012988 12009952
1353013588 12009874
1353014188 12009793
1353014788 12009719
1353015389 12009656
1353015989 12009582
1353016590 12009512
1353017190 12009441
1353017790 12009375
1353018390 12009306
1353018991 12009231
1353019591 12009143
1353020191 12009076
1353020792 12008986
1353021392 12008911
1353021992 12008835
1353022592 12008753
1353023193 12008671
1353023793 12008591
1353024393 12008519
1353024994 12008427
1353025594 12008330
1353026194 12008264
1353026795 12008196
1353027395 12008116
1353027995 12008024
1353028595 12007957
1353029196 12007864
1353029796 12007783
1353030396 12007709
1353030997 12007620
1353031597 12007534
1353032197 12007474
1353032798 12007385
1353033398 12007319
1353033998 12007242
1353034598 12007162
1353035199 12007084
1353035799 12007000
1353036399 12006915
1353037000 12006858
1353037600 12006780
1353038201 12006688
1353038801 12006635
1353039401 12006562
1353040002 12006503
1353040602 12006428
1353041202 12006354
1353041803 12006284
1353042403 12006228
1353043003 12006185
1353043604 12006142
1353044204 12006107
1353044804 12006057
1353045404 12005995
1353046005 12005967
1353046605 12005933
1353047205 12005901
1353047806 12005879
1353048406 12005851
1353049006 12005837
1353049607 12005803
1353050207 12005787
1353050807 12005769
1353051408 12005746
1353052008 12005739
1353052608 12005718
1353053208 12005706
1353053809 12005686
1353054409 12005677
1353055009 12005660
1353055610 12005649
1353056211 12005643
1353056812 12005637
1353057412 12005628
1353058012 12005616
1353058613 12005609
1353059213 12005600
1353059813 12005593
1353060413 12005592
1353061014 12005585
1353061616 12005577
1353062216 12005560
1353062817 12005532
1353063417 12005505
1353064017 12005485
1353064618 12005452
1353065218 12005432
1353065819 12005410
1353066419 12005383
1353067019 12005358
1353067620 12005326
1353068221 12005301
1353068821 12005268
1353069422 12005239
1353070022 12005207
1353070622 12005166
1353071223 12005132
1353071823 12005084
1353072423 12005052
1353073024 12005016
1353073624 12004976
1353074224 12004929
1353074825 12004878
1353075425 12004838
1353076025 12004786
1353076626 12004735
1353077231 12004682
1353077831 12004624
1353078432 12004573
1353079032 12004518
1353079632 12004454
1353080233 12004402
1353080833 12004344
1353081433 12004270
1353082033 12004215
1353082634 12004168
1353083234 12004117
1353083834 12004068
1353084435 12004013
1353085035 12003945
1353085635 12003891
1353086235 12003830
1353086836 12003768
1353087436 12003709
1353088036 12003636
1353088637 12003575
1353089237 12003521
1353089837 12003482
1353090437 12003421
1353091038 12003345
1353091638 12003278
1353092238 12003206
1353092838 12003145
1353093439 12003082
1353094039 12003032
1353094639 12002983
1353095240 12002948
1353095840 12002884
1353096440 12002838
1353097040 12002794
1353097641 12002751
1353098241 12002687
1353098841 12002633
1353099441 12002577
1353100042 12002534
1353100642 12002492
1353101242 12002442
1353101843 12002394
1353102443 12002336
1353103043 12002281
1353103643 12002218
1353104244 12002173
1353104844 12002119
1353105444 12002053
1353106044 12001994
1353106645 12001929
1353107245 12001867
1353107845 12001794
1353108446 12001737
1353109046 12001664
1353109646 12001599
1353110246 12001544
1353110847 12001491
1353111447 12001434
1353112047 12001369
1353112647 12001317
1353113248 12001260
1353113848 12001206
1353114448 12001137
1353115048 12001080
1353115649 12001026
1353116249 12000970
1353116849 12000920
1353117450 12000851
1353118050 12000787
1353118650 12000717
1353119250 12000670
1353119850 12000609
1353120451 12000538
1353121051 12000498
1353121652 12000452
1353122252 12000392
1353122852 12000333
1353123453 12000269
1353124053 12000218
1353124653 12000153
1353125253 12000091
1353125854 12000026
1353126454 11999968
1353127054 11999916
1353127655 11999877
1353128255 11999824
1353128855 11999783
1353129456 11999745
1353130056 11999699
1353130656 11999663
1353131256 11999627
1353131857 11999580
1353132457 11999541
1353133057 11999524
1353133658 11999486
1353134258 11999454
1353134858 11999431
1353135459 11999401
1353136059 11999374
1353136659 11999355
1353137260 11999348
1353137860 11999334
1353138461 11999313
1353139061 11999295
1353139661 11999281
1353140262 11999266
1353140862 11999254
1353141462 11999239
1353142062 11999230
1353142663 11999217
1353143263 11999213
1353143863 11999200
1353144463 11999196
1353145064 11999191
1353145664 11999187
1353146264 11999187
1353146865 11999184
1353147465 11999174
1353148065 11999162
1353148665 11999151
1353149266 11999137
1353149866 11999108
1353150466 11999093
1353151067 11999075
1353151667 11999059
1353152267 11999029
1353152867 11999010
1353153467 11998982
1353154068 11998959
1353154668 11998936
1353155268 11998917
1353155869 11998891
1353156469 11998863
1353157070 11998823
1353157670 11998787
1353158270 11998751
1353158870 11998703
1353159472 11998665
1353160073 11998623
1353160673 11998572
1353161273 11998519
1353161874 11998448
1353162474 11998392
1353163074 11998344
1353163674 11998282
1353164275 11998201
1353164875 11998129
1353165475 11998080
1353166076 11998027
1353166676 11997969
1353167276 11997903
1353167876 11997853
1353168477 11997782
1353169077 11997735
1353169677 11997680
1353170277 11997620
1353170878 11997554
1353171478 11997498
1353172078 11997433
1353172679 11997378
1353173279 11997317
1353173879 11997254
1353174479 11997198
1353175080 11997148
1353175680 11997111
1353176280 11997059
1353176881 11997019
1353177481 11996969
1353178081 11996911
1353178681 11996869
1353179282 11996813
1353179882 11996765
1353180482 11996719
1353181082 11996667
1353181683 11996616
1353182283 11996570
1353182884 11996537
1353183484 11996485
1353184084 11996432
1353184685 11996387
1353185285 11996339
1353185885 11996287
1353186486 11996228
1353187086 11996188
1353187686 11996135
1353188286 11996086
1353188886 11996027
1353189487 11995964
1353190087 11995913
1353190687 11995866
1353191287 11995814
1353191888 11995752
1353192488 11995701
1353193088 11995654
1353193688 11995605
1353194289 11995536
1353194889 11995488
1353195489 11995420
1353196090 11995366
1353196690 11995308
1353197290 11995250
1353197891 11995180
1353198491 11995125
1353199091 11995074
1353199692 11995016
1353200292 11994968
1353200892 11994916
1353201492 11994874
1353202093 11994821
1353202693 11994760
1353203294 11994714
1353203894 11994651
1353204494 11994605
1353205095 11994539
1353205695 11994486
1353206295 11994412
1353206895 11994345
1353207496 11994266
1353208096 11994207
1353208696 11994147
1353209296 11994094
1353209897 11994031
1353210497 11993971
1353211097 11993919
1353211698 11993859
1353212298 11993798
1353212898 11993737
1353213499 11993685
1353214099 11993629
1353214699 11993582
1353215299 11993529
1353215900 11993492
1353216500 11993450
1353217101 11993398
1353217701 11993366
1353218302 11993327
1353218902 11993298
1353219503 11993263
1353220103 11993237
1353220703 11993208
1353221304 11993179
1353221904 11993156
1353222505 11993142
1353223105 11993124
1353223705 11993110
1353224305 11993089
1353224906 11993076
1353225506 11993070
1353226107 11993056
1353226707 11993035
1353227307 11993024
1353227907 11993004
1353228508 11992996
1353229108 11992990
1353229708 11992976
1353230308 11992963
1353230909 11992957
1353231509 11992953
1353232109 11992949
1353232709 11992938
1353233309 11992926
1353233910 11992925
1353234510 11992920
1353235110 11992914
1353235711 11992897
1353236311 11992884
1353236912 11992875
1353237512 11992854
1353238112 11992842
1353238713 11992822
1353239313 11992814
1353239913 11992796
1353240513 11992780
1353241114 11992755
1353241714 11992734
1353242314 11992703
1353242914 11992668
1353243515 11992638
1353244115 11992604
1353244715 11992562
1353245315 11992521
1353245915 11992479
1353246516 11992425
1353247116 11992373
1353247716 11992314
1353248317 11992261
1353248917 11992204
1353249517 11992152
1353250117 11992100
1353250718 11992047
1353251318 11991995
1353251918 11991940
1353252518 11991873
1353253119 11991823
1353253719 11991766
1353254319 11991695
1353254920 11991636
1353255520 11991586
1353256120 11991542
1353256721 11991475
1353257321 11991401
1353257921 11991344
1353258521 11991295
1353259122 11991245
1353259722 11991169
1353260323 11991101
1353260923 11991052
1353261523 11990992
1353262123 11990935
1353262724 11990876
1353263324 11990817
1353263924 11990764
1353264524 11990723
1353265125 11990672
1353265725 11990621
1353266325 11990577
1353266926 11990523
1353267526 11990473
1353268126 11990406
1353268726 11990344
1353269327 11990295
1353269927 11990233
1353270527 11990183
1353271128 11990127
1353271728 11990082
1353272328 11990020
1353272929 11989962
1353273529 11989903
1353274129 11989833
1353274730 11989785
1353275330 11989725
1353275930 11989657
1353276531 11989590
1353277131 11989520
1353277731 11989461
1353278331 11989397
1353278932 11989330
1353279532 11989270
1353280132 11989205
1353280732 11989145
1353281333 11989056
1353281933 11988980
1353282533 11988928
1353283134 11988868
1353283734 11988813
1353284334 11988739
1353284935 11988665
1353285535 11988591
1353286135 11988526
1353286735 11988443
1353287336 11988355
1353287936 11988280
1353288536 11988190
1353289137 11988122
1353289738 11988049
1353290338 11987959
1353290938 11987878
1353291538 11987787
1353292139 11987703
1353292739 11987619
1353293340 11987540
1353293940 11987469
1353294540 11987373
1353295141 11987292
1353295741 11987204
1353296341 11987131
1353296942 11987044
1353297542 11986962
1353298142 11986896
1353298743 11986827
1353299343 11986769
1353299943 11986676
1353300544 11986597
1353301144 11986541
1353301745 11986482
1353302345 11986427
1353302945 11986380
1353303545 11986330
1353304146 11986298
1353304746 11986260
1353305347 11986213
1353305947 11986180
1353306547 11986145
1353307147 11986130
1353307748 11986106
1353308348 11986090
1353308948 11986078
1353309549 11986060
1353310151 11986039
1353310753 11986026
1353311354 11986014
1353311954 11986009
1353312554 11985996
1353313155 11985982
1353313755 11985974
1353314355 11985970
1353314955 11985958
1353315556 11985948
1353316156 11985948
1353316757 11985938
1353317357 11985933
1353317957 11985930
1353318558 11985922
1353319158 11985908
1353319759 11985906
1353320359 11985897
1353320959 11985882
1353321560 11985871
1353322160 11985860
1353322760 11985842
1353323361 11985822
1353323962 11985802
1353324562 11985785
1353325163 11985769
1353325763 11985748
1353326363 11985720
1353326964 11985687
1353327564 11985654
1353328166 11985630
1353328766 11985595
1353329367 11985577
1353329967 11985549
1353330567 11985519
1353331168 11985484
1353331770 11985448
1353332371 11985403
1353332971 11985345
1353333571 11985305
1353334172 11985267
1353334751 11985220
1353335352 11985184
1353335952 11985133
1353336552 11985075
1353337152 11985021
1353337753 11984957
1353338353 11984907
1353338953 11984856
1353339553 11984804
1353340154 11984746
1353340754 11984694
1353341354 11984648
1353341955 11984598
1353342555 11984536
1353343155 11984465
1353343755 11984397
1353344356 11984332
1353344956 11984269
1353345556 11984199
1353346156 11984135
1353346757 11984072
1353347357 11984005
1353347960 11983939
1353348560 11983888
1353349160 11983835
1353349761 11983785
1353350361 11983728
1353350961 11983664
1353351561 11983622
1353352162 11983569
1353352762 11983516
1353353362 11983462
1353353963 11983414
1353354563 11983367
1353355163 11983302
1353355763 11983233
1353356373 11983176
1353356974 11983134
1353357574 11983073
1353358175 11983011
1353358775 11982957
1353359375 11982901
1353359976 11982834
1353360576 11982780
1353361176 11982718
1353361776 11982656
1353362377 11982593
1353362977 11982537
1353363577 11982469
1353364178 11982398
1353364778 11982348
1353365378 11982268
1353365979 11982209
1353366579 11982144
1353367179 11982080
1353367779 11982023
1353368379 11981973
1353368983 11981916
1353369583 11981849
1353370183 11981765
1353370784 11981691
1353371384 11981622
1353371984 11981537
1353372584 11981457
1353373185 11981402
1353373785 11981351
1353374385 11981303
1353374985 11981225
1353375586 11981149
1353376186 11981077
1353376786 11981002
1353377386 11980927
1353377987 11980847
1353378587 11980764
1353379187 11980697
1353379787 11980587
1353380388 11980515
1353380988 11980442
1353381588 11980359
1353382188 11980282
1353382788 11980197
1353383389 11980140
1353383989 11980075
1353384589 11980013
1353385189 11979955
1353385789 11979891
1353386390 11979808
1353386990 11979754
1353387590 11979696
1353388190 11979647
1353388791 11979592
1353389391 11979540
1353389991 11979492
1353390592 11979437
1353391192 11979390
1353391792 11979355
1353392392 11979321
1353392993 11979283
1353393593 11979262
1353394193 11979230
1353394793 11979215
1353395393 11979198
1353395993 11979186
1353396594 11979169
1353397194 11979156
1353397794 11979140
1353398394 11979119
1353398995 11979109
1353399595 11979100
1353400195 11979099
1353400795 11979085
1353401396 11979074
1353401996 11979060
1353402596 11979054
1353403196 11979045
1353403796 11979040
1353404398 11979032
1353404998 11979019
1353405599 11979016
1353406199 11979006
1353406799 11979003
1353406883 11979002
1353407483 11978991
1353408083 11978977
1353408683 11978968
1353409284 11978950
1353409884 11978922
1353410485 11978897
1353411085 11978877
1353411689 11978861
1353412290 11978836
1353412890 11978816
1353413490 11978798
1353414090 11978775
1353414691 11978739
1353415291 11978712
1353415891 11978684
1353416492 11978642
1353417092 11978615
1353417692 11978583
1353418293 11978554
1353418893 11978515
1353419493 11978467
1353420093 11978414
1353420694 11978374
1353421294 11978333
1353421894 11978282
1353422495 11978236
1353423095 11978191
1353423690 11978131
1353424291 11978087
1353424891 11978038
1353425491 11977988
1353426092 11977950
1353426692 11977894
1353427292 11977855
1353427892 11977808
1353428493 11977758
1353429093 11977717
1353429694 11977680
1353430294 11977627
1353430894 11977570
1353431495 11977533
1353432095 11977486
1353432695 11977443
1353433295 11977384
1353433896 11977339
1353434496 11977281
1353435096 11977218
1353435697 11977155
1353436297 11977096
1353436897 11977043
1353437497 11976998
1353438098 11976933
1353438698 11976872
1353439298 11976825
1353439898 11976770
1353440499 11976727
1353441099 11976677
1353442341 11976578
1353442941 11976517
1353443542 11976474
1353444142 11976406
1353444743 11976356
1353445343 11976291
1353445944 11976237
1353446544 11976193
1353447144 11976125
1353447798 11976059
1353448399 11976000
1353448999 11975953
1353449599 11975899
1353450200 11975844
1353450800 11975783
1353451400 11975731
1353452001 11975681
1353452601 11975624
1353453201 11975565
1353453801 11975512
1353454402 11975446
1353455002 11975395
1353455603 11975353
1353456203 11975274
1353456804 11975205
1353457404 11975120
1353458004 11975049
1353458605 11974999
1353459205 11974928
1353459805 11974869
1353460406 11974798
1353461006 11974731
1353461606 11974677
1353462207 11974599
1353462807 11974541
1353463407 11974477
1353464008 11974413
1353464608 11974334
1353465208 11974267
1353465808 11974217
1353466409 11974142
1353467009 11974046
1353467609 11973983
1353468210 11973915
1353468810 11973852
1353469410 11973771
1353470010 11973710
1353470611 11973669
1353471211 11973609
1353471811 11973544
1353472412 11973482
1353473012 11973418
1353473612 11973350
1353474213 11973299
1353474813 11973258
1353475413 11973215
1353476014 11973169
1353476614 11973129
1353477214 11973090
1353477814 11973035
1353478415 11972992
1353479015 11972963
1353479615 11972941
1353480215 11972924
1353480816 11972899
1353481416 11972880
1353482016 11972864
1353482617 11972843
1353483217 11972828
1353483817 11972815
1353484417 11972797
1353485018 11972783
1353485618 11972763
1353486218 11972753
1353486819 11972747
1353487420 11972736
1353488021 11972730
1353488624 11972728
1353489224 11972721
1353489824 11972717
1353490425 11972709
1353491025 11972699
1353491625 11972693
1353492225 11972682
1353492826 11972676
1353493426 11972668
1353494030 11972646
1353494631 11972621
1353495231 11972590
1353495832 11972563
1353496432 11972529
1353497034 11972496
1353497635 11972466
1353498237 11972415
1353498840 11972363
1353499440 11972311
1353500040 11972278
1353500640 11972261
1353501243 11972232
1353501843 11972189
1353502444 11972159
1353503044 11972127
1353503644 11972101
1353504244 11972074
1353504849 11972035
1353505449 11971998
1353506050 11971966
1353506650 11971933
1353507250 11971882
1353507850 11971848
1353508451 11971808
1353509051 11971758
1353509652 11971712
1353510252 11971670
1353510852 11971626
1353511453 11971582
1353512053 11971526
1353512653 11971478
1353513254 11971428
1353513854 11971393
1353514454 11971354
1353515055 11971300
1353515655 11971232
1353516255 11971177
1353516855 11971119
1353517456 11971077
1353518056 11971009
1353518656 11970968
1353519257 11970902
1353519857 11970843
1353520457 11970764
1353521058 11970704
1353521658 11970621
1353522258 11970591
1353522859 11970559
1353523459 11970519
1353524059 11970480
1353524660 11970447
1353525260 11970407
1353525860 11970366
1353526461 11970321
1353527061 11970277
1353527661 11970251
1353528262 11970212
1353528862 11970151
1353529462 11970113
1353530063 11970062
1353530663 11970040
1353531263 11970009
1353531864 11969967
1353532464 11969921
1353533064 11969893
1353533664 11969862
1353534265 11969827
1353534865 11969786
1353535465 11969740
1353536065 11969703
1353536666 11969642
1353537266 11969565
1353537866 11969508
1353538467 11969440
1353539067 11969380
1353539667 11969312
1353540267 11969253
1353540868 11969196
1353541468 11969123
1353542068 11969020
1353542668 11968943
1353543269 11966853
1353543869 11964627
1353544469 11963182
1353545069 11962142
1353545669 11961266
1353546270 11960586
1353546870 11960001
1353547470 11959441
1353548070 11958945
1353548671 11958489
1353549271 11958073
1353549871 11957709
1353550471 11957387
1353551071 11957071
1353551672 11956789
1353552272 11956548
1353552872 11956286
1353553472 11956046
1353554072 11955816
1353554673 11955612
1353555273 11955398
1353555873 11955224
1353556473 11955031
1353557074 11954872
1353557674 11954720
1353558274 11954553
1353558875 11954357
1353559475 11954220
1353560075 11954054
1353560676 11953908
1353561276 11953774
1353561876 11953650
1353562476 11953547
1353563077 11953432
1353563677 11953320
1353564277 11953199
1353564878 11953118
1353565478 11953047
1353566078 11952968
1353566679 11952913
1353567279 11952868
1353567879 11952824
1353568480 11952796
1353569080 11952758
1353569680 11952724
1353570280 11952686
1353570880 11952654
1353571481 11952619
1353572081 11952600
1353572681 11952572
1353573281 11952558
1353573882 11952539
1353574482 11952506
1353575082 11952481
1353575683 11952458
1353576285 11952447
1353576886 11952433
1353577486 11952402
1353578086 11952377
1353578686 11952355
1353579288 11952336
1353579888 11952322
1353580488 11952276
1353581088 11952228
1353581689 11952188
